[[ 1.    -0.098 -0.008 -0.849]
 [-0.098  1.    -0.382 -0.25 ]
 [-0.008 -0.382  1.    -0.239]
 [-0.849 -0.25  -0.239  1.   ]]
number = 1761.9910107759122

[[ 1.     0.416 -0.418  0.022]
 [ 0.416  1.    -0.749 -0.586]
 [-0.418 -0.749  1.    -0.086]
 [ 0.022 -0.586 -0.086  1.   ]]
number = 2026.0737312309031

[[ 1.    -0.26  -0.515  0.257]
 [-0.26   1.    -0.653 -0.483]
 [-0.515 -0.653  1.    -0.009]
 [ 0.257 -0.483 -0.009  1.   ]]
number = 3625.6934301190863

[[ 1.     0.28  -0.68  -0.042]
 [ 0.28   1.     0.511 -0.585]
 [-0.68   0.511  1.    -0.4  ]
 [-0.042 -0.585 -0.4    1.   ]]
number = 1325.105660991327

[[ 1.    -0.627 -0.629  0.905]
 [-0.627  1.    -0.459 -0.173]
 [-0.629 -0.459  1.    -0.916]
 [ 0.905 -0.173 -0.916  1.   ]]
number = 1665.839248857657

[[ 1.    -0.903  0.205  0.372]
 [-0.903  1.     0.068 -0.197]
 [ 0.205  0.068  1.    -0.422]
 [ 0.372 -0.197 -0.422  1.   ]]
number = 1528.673027302442

[[ 1.     0.996 -0.845  0.333]
 [ 0.996  1.    -0.891  0.378]
 [-0.845 -0.891  1.    -0.282]
 [ 0.333  0.378 -0.282  1.   ]]
number = 1748.417194084469

[[ 1.     0.656  0.737 -0.527]
 [ 0.656  1.     0.59  -0.305]
 [ 0.737  0.59   1.    -0.94 ]
 [-0.527 -0.305 -0.94   1.   ]]
number = 2243.2322413789293